100 175 175
187 181 22
175 153 37
180 154 35
199 183 35
148 182 36
184 172 38
175 160 29
195 179 38
176 160 35
157 179 40
175 181 32
192 195 31
142 182 23
139 185 34
191 140 38
179 225 29
161 215 35
153 211 30
201 136 28
151 216 21
226 190 40
237 181 34
161 234 30
136 136 23
245 163 27
178 93 22
142 121 29
201 113 33
210 122 24
261 172 35
246 193 34
155 96 31
241 141 28
183 83 32
276 180 38
249 210 36
160 269 20
217 106 38
240 222 39
152 264 25
140 97 23
211 254 21
89 146 24
168 67 32
236 117 23
202 83 30
265 146 38
207 262 21
121 242 21
197 275 38
67 190 20
280 156 26
176 50 24
203 273 30
298 182 33
294 188 32
49 181 28
154 287 30
206 280 26
103 111 35
300 187 21
232 95 35
78 223 20
244 97 36
79 227 34
275 122 27
242 89 29
269 116 29
308 198 35
127 283 29
99 258 36
59 132 20
89 102 36
109 80 35
273 109 35
124 59 33
109 280 32
122 293 38
138 41 30
40 138 29
244 65 25
46 119 37
294 248 28
63 263 39
98 300 33
304 253 30
280 281 25
290 273 21
82 47 31
74 53 38
79 43 39
66 48 27
301 64 29
57 295 24
296 56 21
56 54 31
294 299 32
299 300 27
308 305 24
308 306 36