120 200 200
207 193 37
219 201 37
198 172 37
201 222 37
190 224 37
193 203 37
200 196 37
195 218 37
229 201 37
212 206 37
191 207 37
234 199 37
170 195 37
181 219 37
173 221 37
240 219 37
234 226 37
228 165 37
166 233 37
171 241 37
270 200 37
174 155 37
190 264 37
228 248 37
255 221 37
164 159 37
191 130 37
197 122 37
206 276 37
159 157 37
213 279 37
116 209 37
233 132 37
121 222 37
195 103 37
229 277 37
173 284 37
304 192 37
177 292 37
265 150 37
195 311 37
252 135 37
127 247 37
126 153 37
122 244 37
262 261 37
144 270 37
254 274 37
85 214 37
97 172 37
303 171 37
239 102 37
71 213 37
261 116 37
271 125 37
294 253 37
205 348 37
112 265 37
257 99 37
105 136 37
125 284 37
359 199 37
182 58 37
347 215 37
85 153 37
111 126 37
130 107 37
288 276 37
61 230 37
191 40 37
280 111 37
175 351 37
78 146 37
311 266 37
323 255 37
335 157 37
171 350 37
322 140 37
329 253 37
231 48 37
40 224 37
131 316 37
262 324 37
358 228 37
154 58 37
129 81 37
111 97 37
251 342 37
297 296 37
157 44 37
266 333 37
115 86 37
330 270 37
360 157 37
107 310 37
104 310 37
109 317 37
332 277 37
49 265 37
280 338 37
295 73 37
124 347 37
68 107 37
318 92 37
320 93 37
73 304 37
286 351 37
332 94 37
325 317 37
352 291 37
44 110 37
350 302 37
355 101 37
341 84 37
84 57 37
323 60 37
74 345 37
353 80 37
77 350 37
359 330 37