140 225 225
241 233 27
225 196 42
232 197 40
237 220 43
224 204 34
252 231 43
226 205 40
201 230 45
225 233 37
204 240 41
218 203 37
208 229 38
222 216 32
228 213 30
259 211 45
179 229 44
199 259 29
218 287 43
273 203 43
219 295 42
261 179 45
187 181 35
270 266 29
157 246 45
205 155 38
166 257 25
292 198 42
137 218 30
224 322 25
316 232 38
307 250 36
179 163 45
223 116 43
157 268 41
271 160 35
156 270 37
199 317 43
308 261 38
304 183 41
263 309 30
152 276 43
280 294 28
180 145 42
221 347 35
338 211 36
144 179 25
304 278 30
188 128 28
215 97 25
327 265 36
159 149 40
325 181 25
286 309 28
264 335 30
363 212 42
79 220 39
210 80 44
196 87 27
152 131 34
321 297 26
157 325 45
294 325 32
77 203 42
307 313 38
359 262 40
360 264 29
232 393 31
104 170 44
320 144 44
81 258 32
391 213 28
99 277 31
260 82 32
360 273 36
371 188 39
388 204 32
66 251 45
169 355 28
144 117 30
378 188 38
160 97 45
70 185 32
143 112 38
287 91 40
255 394 36
361 294 38
402 254 28
49 192 40
158 368 29
379 281 28
343 129 44
286 70 27
175 56 38
302 375 29
354 126 43
403 172 30
160 58 34
141 375 45
88 323 35
298 61 27
310 70 30
395 298 45
120 365 26
95 342 26
101 349 40
57 144 26
108 92 36
135 386 32
142 394 37
102 93 30
85 110 34
389 317 43
401 144 26
352 93 35
404 144 31
305 45 38
338 374 33
101 365 30
48 313 28
316 402 45
108 72 29
387 334 26
376 350 28
405 128 42
323 45 41
388 109 25
397 118 35
405 124 38
90 77 32
53 337 35
106 48 40
63 359 28
342 45 25
95 58 32
354 55 44
348 47 44
47 366 33
394 71 38
405 383 45
53 52 38