160 250 250
250 217 42
258 218 42
262 232 42
239 258 42
254 220 42
259 274 42
252 286 42
252 282 42
249 227 42
280 256 42
256 260 42
223 256 42
258 229 42
251 216 42
234 256 42
250 259 42
251 249 42
273 258 42
250 218 42
226 267 42
283 242 42
258 291 42
292 240 42
215 232 42
276 281 42
253 194 42
203 229 42
248 317 42
196 266 42
253 319 42
275 197 42
312 269 42
228 311 42
192 276 42
320 234 42
236 167 42
331 225 42
170 224 42
173 282 42
295 184 42
257 356 42
206 319 42
191 191 42
227 351 42
163 287 42
257 133 42
299 172 42
206 164 42
200 168 42
232 366 42
380 245 42
358 277 42
196 332 42
130 271 42
292 350 42
126 274 42
132 219 42
340 311 42
262 110 42
222 377 42
257 399 42
322 165 42
156 187 42
383 225 42
104 238 42
267 108 42
94 254 42
232 393 42
306 143 42
362 304 42
314 145 42
393 224 42
333 336 42
296 376 42
159 165 42
275 401 42
351 332 42
330 140 42
251 60 42
292 399 42
221 414 42
110 306 42
332 368 42
58 259 42
178 121 42
49 251 42
152 355 42
317 113 42
141 153 42
387 181 42
149 356 42
313 106 42
161 130 42
149 361 42
171 384 42
188 403 42
386 170 42
104 180 42
74 291 42
307 89 42
383 336 42
68 213 42
425 294 42
52 228 42
225 55 42
308 86 42
310 413 42
441 285 42
71 299 42
187 84 42
111 342 42
382 349 42
49 287 42
207 446 42
55 205 42
120 140 42
177 83 42
92 167 42
150 107 42
414 169 42
163 410 42
340 91 42
342 408 42
150 409 42
407 148 42
87 347 42
391 373 42
313 48 42
360 407 42
429 349 42
173 49 42
120 403 42
99 384 42
400 387 42
113 401 42
353 437 42
53 344 42
134 427 42
416 381 42
445 145 42
377 75 42
142 55 42
134 439 42
114 424 42
47 360 42
71 115 42
412 403 42
49 134 42
391 65 42
58 115 42
421 416 42
97 65 42
425 416 42
404 439 42
404 61 42
413 67 42
432 81 42
56 86 42
64 74 42
70 67 42