60 175 175
175 152 32
180 153 30
184 171 33
175 159 24
196 179 33
176 159 30
210 160 18
203 138 30
230 164 28
205 217 33
175 80 32
206 239 31
139 240 20
138 106 32
225 119 28
254 146 21
163 275 32
72 162 26
129 104 35
146 267 15
263 209 21
138 89 16
226 248 30
71 153 33
245 111 25
45 171 17
259 124 16
199 62 20
286 202 28
296 194 23
81 231 21
212 61 34
109 89 26
48 150 30
306 197 22
209 55 28
258 102 22
228 282 34
224 59 23
221 294 23
54 221 15
90 70 28
48 241 34
256 58 25
279 78 16
70 279 26
66 276 33
56 268 16
253 39 24
66 65 20
275 295 15
292 280 18
49 275 31
39 80 35
60 59 28
54 287 30
63 53 34
280 313 25
40 48 34
306 312 22