80 150 150
133 154 28
137 159 28
144 149 28
149 134 28
155 157 28
141 138 28
153 158 28
158 137 28
152 161 28
158 165 28
143 166 28
143 178 28
126 167 28
118 161 28
173 171 28
147 193 28
192 162 28
143 102 28
99 165 28
95 139 28
80 150 28
121 192 28
76 151 28
77 154 28
178 200 28
114 195 28
162 221 28
186 103 28
231 152 28
90 126 28
232 153 28
216 169 28
224 139 28
179 209 28
232 157 28
62 146 28
194 98 28
112 212 28
92 108 28
126 229 28
226 179 28
161 56 28
238 169 28
46 146 28
214 199 28
162 49 28
44 160 28
83 200 28
166 256 28
227 199 28
187 239 28
187 240 28
120 248 28
175 254 28
58 105 28
123 261 28
78 216 28
47 186 28
106 246 28
247 194 28
95 237 28
203 240 28
263 180 28
239 91 28
104 45 28
49 100 28
97 52 28
240 214 28
249 84 28
69 236 28
76 55 28
63 232 28
234 57 28
265 85 28
70 252 28
230 45 28
225 39 28
42 59 28
253 258 28
253 39 28